   2.0000000e+00  -1.5956670e-01  -4.5807677e-01   1.2990784e+00  -2.8123820e-01   8.3567050e-01   3.1945161e-02  -3.0345311e-01   1.3789137e+00  -4.9474039e-01   9.2082035e-01
   1.0000000e+00   1.7116356e-01  -4.9892532e-01  -3.3741629e-01  -5.4225442e-01  -6.2222023e-01   2.5825412e-01   9.3926060e-01  -2.9572529e-01   6.5447823e-01   4.1110370e-01
   2.0000000e+00   7.0030755e-01   1.8900879e+00   1.2203831e+00  -8.0098431e-01   7.6967025e-01  -1.0764373e+00   8.1287514e-01  -8.6072299e-01  -1.5332550e-01  -1.3620238e+00
   2.0000000e+00   3.9305141e-01  -9.8152855e-01   5.0211314e-02   3.2954399e-01  -3.3357375e-01   1.9078797e-01  -1.1111298e+00   5.8794917e-01   5.6994657e-01   8.3276926e-01
   2.0000000e+00   1.1002383e+00  -7.9347292e-01   9.5557301e-01   1.1925659e+00  -5.5722821e-01  -8.1464545e-02   1.6150737e-01  -1.9484758e+00   1.0522694e+00  -1.1682770e+00
   2.0000000e+00  -1.0546451e+00   2.4032281e-01  -1.1852951e+00  -2.9198274e-01   3.0387931e-01  -6.3783512e-02  -8.3569420e-01  -3.3866678e-01   1.0090230e+00  -6.3385602e-01
   2.0000000e+00  -8.6769637e-01  -7.1962291e-01  -2.4850136e-01   4.7112620e-01   1.2073183e-02   1.4844513e-01  -9.8789489e-01   1.4282370e-01  -1.3573421e+00   3.8962708e-02
   2.0000000e+00   4.8806529e-01  -1.2258216e+00  -4.2191274e-01   1.1593080e+00   1.1744942e+00  -3.7501067e-01  -1.2159921e+00  -2.2961359e+00  -1.9042014e+00   3.3393556e-01
   2.0000000e+00   4.5232331e-01   1.8291758e+00   1.3808287e+00   1.8527646e+00  -1.5112583e+00  -1.7016540e+00   9.3375528e-01  -1.6411153e-01   2.0155371e-01  -3.0813023e-01
   2.0000000e+00   1.0636463e+00  -3.0867399e+00  -6.6623114e-01  -1.2355532e+00  -6.7999504e-01   1.3359889e+00   6.5877281e-01  -1.8373475e+00   8.5997834e-01  -1.2803310e-02
   2.0000000e+00  -9.1472368e-01  -7.0658288e-01   9.5514196e-01  -5.9267150e-01  -1.1664874e+00   1.1982035e+00  -1.6119165e+00  -3.0288462e-02   1.4202573e+00  -4.3564033e-01
   2.0000000e+00  -2.5138944e-01  -1.5009705e+00  -1.3217243e-01   1.4348502e+00   1.8387761e+00   1.4932450e+00   1.7414854e+00   2.3977770e-01  -3.0681454e-01   4.4778529e-01
   2.0000000e+00  -5.3297491e-01   2.8630354e-01  -1.4568888e-01   1.0633002e+00   1.1814820e+00  -1.1643632e-02  -7.4949547e-01  -2.6089154e-01   1.1606223e+00  -7.6284707e-01
   2.0000000e+00  -1.4395705e+00  -3.3445827e-01   3.0139409e-01   1.4798290e+00  -2.3486863e-01  -8.5998449e-01   1.4025323e+00   1.9032114e-01  -1.0770381e-01   3.3789912e-01
   1.0000000e+00   3.5965072e-01   4.5234339e-01  -6.0521556e-02   6.9597311e-01   1.8280414e+00  -1.4877995e+00  -1.1033031e+00  -5.9739818e-02   1.3967346e-01   1.2245762e-01
   2.0000000e+00  -6.8993340e-01  -3.1863088e-01  -4.3342189e-01   3.8528856e-01   9.2369184e-01  -1.3009349e+00  -4.4427758e-01  -2.1741195e-01   4.1144484e-02   1.0085806e+00
   2.0000000e+00  -5.2503061e-01  -1.0290186e+00   1.0883633e-01   1.8746312e+00  -7.8415344e-01  -7.7245829e-01  -2.9900082e-01  -9.6528940e-01   1.1618614e-01  -1.9308398e+00
   1.0000000e+00   5.0502047e-01  -3.2284749e-01  -2.9956803e-01   1.0620592e+00   1.0717934e+00   4.6782458e-01   8.4759043e-01  -2.1846927e+00  -1.0685577e+00   2.0392237e-01
   1.0000000e+00   2.2599489e-01  -8.4080055e-02  -3.3895652e-01   1.1492710e-01   1.6607467e+00   3.2568868e-01   1.2911208e+00   3.2160193e-01   4.4302838e-01   5.9302068e-01
   2.0000000e+00  -1.2217619e+00   2.9055957e-01  -6.0429997e-01   1.0179552e+00  -1.8016528e+00  -2.1296209e-01  -1.9840952e+00   1.2488793e+00   7.3486072e-01  -2.9209357e-01
   2.0000000e+00  -1.4472351e+00   1.1709365e-01   1.8349914e-02   4.7056266e-01   9.7841121e-01  -9.7078486e-01   8.3678587e-02   4.0542847e-01   1.5031275e+00   1.4553931e+00
   2.0000000e+00   7.8223842e-01  -1.0915369e+00   2.4216125e+00   1.2085759e-01  -5.1652519e-01  -1.9444126e+00   2.4213605e-01  -1.3800205e-01  -3.1014402e-01   1.0578871e+00
   2.0000000e+00   9.2853287e-01   1.5387082e+00   2.2902571e+00   3.1262161e-01   4.2527636e-01  -6.7734292e-01  -1.5248812e+00   2.7164584e-01  -1.2552599e+00  -7.8108285e-02
   2.0000000e+00   7.7192779e-01   9.4205129e-01  -2.0586598e+00  -2.8120440e-02  -1.3320672e+00   7.1328675e-01  -2.1844331e-01  -4.6179970e-01   1.1428664e+00   4.8015860e-01
   2.0000000e+00   2.0376552e+00   1.4537456e+00   2.1687988e+00  -1.1236323e+00   1.5787041e-01   1.5524396e-01   1.3860232e+00  -3.3851815e-01  -1.2621285e+00   6.6351869e-01
   1.0000000e+00   6.5559997e-01   2.9252797e-01  -6.5083948e-01  -6.0861980e-01  -4.3929757e-01   1.3682572e-01   6.9497638e-01   6.1965039e-01   1.6340862e+00   5.4597537e-01
   2.0000000e+00   1.4568427e+00   7.8402150e-01  -1.1820008e+00  -8.1239392e-01   1.1251576e-01   5.4686953e-01  -9.1963325e-01  -1.4473806e+00  -8.1304342e-02  -6.4021633e-01
   2.0000000e+00  -9.0189926e-01  -6.5724258e-01   1.2192299e+00   5.3280410e-01  -5.3081017e-01   4.4960042e-02   7.6783834e-01  -3.3033975e-01   5.9363766e-01  -1.6198218e-01
   1.0000000e+00   6.4617177e-01  -2.4912247e-01   5.8949374e-02   1.4407313e+00  -1.0780766e+00  -5.9248053e-01  -1.5446376e+00  -2.1992731e-01  -6.8779351e-01  -8.1757827e-01
   1.0000000e+00   2.1719985e-01  -2.4048460e-01   1.2458521e+00   1.9766292e+00  -6.9011630e-02   4.5664302e-01  -2.7508954e+00   6.2104603e-01   1.9676375e-01   9.6701291e-02
   2.0000000e+00  -1.7950279e+00   2.9969135e-01  -5.0366288e-01  -1.4944032e-01   4.1552797e-01  -1.0695350e+00   4.7090741e-01   1.6100741e+00  -3.3483440e-01  -4.1919285e-01
   2.0000000e+00  -2.1985338e+00  -4.2470839e-01   2.3871979e-01   8.0316688e-01  -8.6792537e-01  -1.1284786e+00   3.0273993e+00   4.7181737e-01  -4.0917972e-02   1.6046484e+00
   2.0000000e+00   3.8825900e-01  -1.1960999e+00  -3.2883716e-02   8.4509065e-01  -5.9192987e-01  -5.2107984e-01  -2.1772304e-01   1.0324564e+00  -2.2546133e-01  -4.8029862e-01
   2.0000000e+00  -4.0508515e-01   5.3353301e-01   2.0256892e-01   1.3859339e+00  -1.4333309e-02   6.6650860e-01   7.8417860e-01   9.3630907e-01  -1.8429478e+00  -1.0453481e+00
   2.0000000e+00   2.9224700e-01   1.0773810e+00   1.1139645e+00  -8.0019592e-03  -5.3687431e-02  -8.3492749e-01  -2.4122871e-01  -2.8326669e-02   5.0245356e-01  -2.1242268e+00
   2.0000000e+00  -7.8122495e-01   1.6019803e-01   1.5778268e-01  -2.0659803e-01  -7.7877592e-01   1.2739390e+00  -5.1775627e-01   2.3441235e-01   8.3102222e-01  -1.3077563e+00
   2.0000000e+00  -1.1924872e+00  -1.1360615e+00  -9.6737700e-01  -8.7974159e-01   2.9612565e-01   8.1503177e-01   5.5052428e-01   2.0068264e+00   2.3952866e-01  -1.1865061e-03
   1.0000000e+00   7.5348373e-02  -7.3588627e-01   9.1119425e-01  -4.4459399e-02  -1.5472882e-01  -1.6423945e+00  -1.1752687e+00   7.4159304e-01  -1.0313881e+00   8.3889753e-01
   2.0000000e+00  -1.3151456e+00   6.3301381e-01  -8.5062735e-01   2.0794495e-01   1.7891784e+00   1.6554736e+00  -2.6872889e-01  -4.4193705e-01  -1.3756740e+00  -6.2353747e-01
   2.0000000e+00  -4.4788740e-01   2.7285210e-01  -7.3757085e-01   2.0772547e+00  -4.5441521e-01   8.1119196e-02  -2.7244357e-01   1.1270173e+00   8.0675745e-01  -9.0171000e-01
   2.0000000e+00  -4.5516347e-01  -9.1697422e-01   4.6748082e-01  -5.5673208e-01   8.4392345e-01   4.7874496e-01   1.2845750e+00  -9.4700275e-01  -7.0539319e-01   6.8844552e-01
   1.0000000e+00   4.4650612e-02   4.5729319e-02   7.3023377e-01  -6.6074149e-01   5.5609988e-01  -8.7117975e-01   1.4258208e+00  -3.8345642e-02   8.1336265e-01  -1.0700602e+00
   2.0000000e+00   3.6470654e-01  -9.6651468e-01   2.5576397e-01  -6.1447446e-01   1.0206705e+00   1.3001365e+00  -4.9922431e-01  -1.5787565e+00  -3.0391839e-01  -1.0070558e+00
   1.0000000e+00   2.9083043e-01   6.0700702e-02  -3.0875907e-01  -7.9660444e-01   1.1244742e+00   1.4922781e+00  -1.0476061e+00   6.0864585e-01   9.2953314e-02  -1.0408910e+00
   2.0000000e+00  -4.3643945e-01  -1.1323288e+00  -6.2241478e-01  -1.0422093e-02  -3.1058277e-01  -6.6533269e-01  -5.5711389e-02  -2.4822690e-01   2.8664771e-01   1.1610170e-01
   1.0000000e+00   5.5668855e-02   6.0054790e-01   8.5131415e-01  -1.9273134e-01   4.8121421e-01   1.3279667e+00  -6.2105656e-01   3.5094693e-01  -1.3084687e-01   1.6935288e-01
   2.0000000e+00  -5.4241911e-01  -1.4646064e-02  -1.1578663e-01  -2.8368479e-01  -1.0681137e+00  -2.2303867e+00  -4.5789128e-01  -1.5341346e+00  -9.2022276e-01   8.5681581e-01
   2.0000000e+00  -3.9228854e-01   5.6039392e-01   6.1336381e-01  -4.4019448e-01  -4.6689571e-02  -1.7815281e+00  -6.0104194e-01   1.6415534e-02  -5.6763787e-01  -1.1375152e+00
   2.0000000e+00   6.0419179e-01   1.0949019e+00   1.5594504e+00   6.6136162e-01  -2.5871589e-01   4.3404764e-01   8.4611532e-01  -3.0247530e-01   1.6761419e-01  -6.5063181e-01
   2.0000000e+00  -7.7469946e-01  -7.6508035e-02  -1.1806596e+00   3.1456980e-01   6.6516515e-01  -1.1733331e+00   4.2723631e-01  -3.6905295e-01  -3.0033585e-01   8.4913177e-01
   1.0000000e+00   7.2133791e-01  -2.1153104e-01   9.6227586e-01   9.4199386e-01  -9.8699226e-02  -8.5081449e-02  -1.4041146e-01  -5.8021627e-01  -1.0659815e+00   8.0848778e-01
   2.0000000e+00  -7.1844932e-01   3.8388584e-01  -1.5672521e+00   6.5268910e-01   1.1075549e+00   5.4004720e-01  -9.9499067e-01  -1.4838382e+00  -7.0910659e-01  -1.9517712e+00
   2.0000000e+00  -9.6404282e-01   4.2883753e-01   3.5409095e-01   9.5155856e-01   3.8269503e-01   7.9958154e-01   1.3450756e+00   2.7937835e-01  -1.1246921e+00  -1.3830384e+00
   2.0000000e+00  -2.7847322e+00  -1.5930421e-01   1.5669805e+00   1.2688557e+00   6.2089775e-01   1.0657176e+00  -1.4710178e+00  -2.5554804e+00  -6.4474103e-01  -1.0556110e+00
   2.0000000e+00  -5.3512860e-01   3.7802255e-01   1.5483314e+00   1.1487630e+00   2.0545627e+00  -9.6181223e-01  -1.2529079e+00  -1.6223647e+00   1.2774881e+00   9.0967194e-01
   1.0000000e+00   8.3831522e-01  -5.9261189e-02  -1.6606219e+00  -1.4387205e+00   1.0009599e-01  -2.8357637e-02  -2.1698736e-01   8.6317648e-01  -1.1365044e+00   2.1660420e-01
   1.0000000e+00   3.1263460e-01   6.3025494e-01   9.5195380e-01   1.5033951e-01   1.2584478e+00  -4.5448740e-01  -4.1387458e-02   1.2210670e+00   6.6331945e-01   3.2987671e-01
   1.0000000e+00   9.2450519e-02   4.0724830e-01   1.1043269e+00  -2.8500670e-01   6.2425391e-01   2.7969617e-01  -4.5829167e-01  -1.2109840e+00   7.2320666e-01   1.6533686e-01
   2.0000000e+00  -1.0555535e+00  -2.6660106e-01  -2.1029577e+00  -2.7434154e-01  -5.1849380e-01   1.2245440e+00  -6.2543980e-01   1.8480867e+00   1.6869462e+00  -7.3226263e-01
   2.0000000e+00   2.0283485e+00  -1.2785729e+00   3.0544967e-01   2.6712815e+00   1.0905744e+00  -7.4777257e-03  -2.1411308e+00   7.2281034e-01  -1.4720040e+00   5.1764068e-01
   2.0000000e+00  -8.6676448e-01  -7.4432477e-01  -2.5668215e+00  -5.6687724e-01   1.2082943e+00  -1.4124704e+00  -1.5644755e+00   3.0183689e-01   6.1165156e-02  -1.0187694e+00
   2.0000000e+00   1.3046899e+00  -3.3878564e-01   1.8303148e+00   1.1158981e+00   1.1975959e+00  -8.7414654e-02  -5.4781401e-01  -5.2367014e-01  -1.0087405e+00  -5.5538850e-01
   2.0000000e+00  -1.6047211e+00  -1.6940399e+00   1.1098259e+00   1.0903315e+00   5.7551248e-01  -1.0296194e+00   7.2114132e-01  -1.1934194e+00   1.2693451e+00  -5.2759400e-01
   2.0000000e+00   1.0537430e+00  -8.8810210e-01  -1.1588523e+00  -6.2655809e-02   6.5436068e-01  -1.5381975e+00  -5.3160010e-01   7.2968323e-01  -4.9784429e-01  -5.5728859e-01
   2.0000000e+00   8.9768699e-01  -7.2032095e-01   1.5948825e+00   5.6714583e-01   2.3191740e+00  -1.6210651e+00  -9.8027585e-01  -9.9244936e-01  -5.0326124e-01   1.5820795e+00
   2.0000000e+00  -7.1777616e-02   1.3342081e+00   6.8327934e-01  -3.5425015e+00  -5.5623311e-01   5.1126790e-01   9.6433548e-01   2.1897891e-01  -2.2396958e+00  -1.1707677e+00
   2.0000000e+00   3.1219263e-01   1.3704749e+00  -1.0413069e+00   1.4390796e-02  -9.1661877e-01  -9.1982399e-01   2.1761617e-01   9.2614115e-01  -9.3528436e-01  -1.1877763e+00
   2.0000000e+00   8.1745913e-01   4.4117724e-01   2.0948666e-01  -1.1862715e+00   3.5884380e-01  -8.4789960e-01  -3.5028586e-01  -2.1264725e+00   4.1098856e-01  -2.4028898e+00
   2.0000000e+00  -2.2381979e-01   9.8839737e-01   1.5586051e+00   4.7535428e-01   2.6940324e-01   8.9052570e-01   4.1009121e-01  -1.3134567e+00  -8.9642001e-01   3.0354530e-02
   2.0000000e+00  -1.2387224e-01  -2.1306849e+00  -8.9124321e-01   5.7566291e-01   2.2133111e+00  -7.0698672e-01   1.3889303e+00  -3.8463118e-01   1.5547805e+00   1.2567956e+00
   2.0000000e+00  -2.7612098e-01   4.9005183e-01   3.5357411e-01   4.9140545e-01  -5.5509226e-02  -1.2216887e+00  -1.4667816e+00   3.0626260e-01   4.1160537e-01   2.0076557e-02
   2.0000000e+00   7.4198031e-01   7.1395135e-01  -1.2183272e+00  -1.7123441e+00  -9.9649411e-03  -1.5347614e+00   9.7390284e-02  -1.2997185e+00   1.4345625e+00  -2.9067824e-01
   2.0000000e+00  -9.0669477e-01   1.7542644e-01   6.2897243e-01  -1.6091797e+00   1.2116255e+00  -6.8219505e-01  -1.2152991e+00  -4.9290512e-01  -1.5771394e+00   5.8448695e-01
   2.0000000e+00   9.5214458e-01  -3.4400269e-01   1.9894147e+00  -1.3616603e+00  -1.2082357e+00   5.5656599e-01   8.6172509e-01   9.8264722e-03  -1.9005674e+00  -1.3829266e+00
   2.0000000e+00   8.6802661e-01  -4.0773851e-01   3.7778811e-01  -3.2131230e-01  -1.4492915e+00   5.6259968e-01   1.5816881e+00  -6.9271466e-01  -9.4136088e-01   3.2482019e-01
   2.0000000e+00  -8.7064784e-01  -2.3182761e-01   4.8331580e-01  -9.6222436e-01   6.1923806e-01  -5.5982464e-01   4.9126097e-01  -4.5359676e-01   1.4707577e+00   5.5944470e-01
   2.0000000e+00   7.7564133e-01   8.6421441e-01  -7.8270336e-01  -1.7698659e+00  -7.1122688e-01  -5.1165781e-02   8.2970186e-01  -9.9152206e-01  -7.4035502e-01  -1.6810224e+00
   1.0000000e+00   7.7626460e-02  -5.9309269e-01  -5.7455256e-01   2.6351375e+00   5.3293427e-01   6.1447353e-01  -6.0984224e-01   1.0363469e+00  -6.1819947e-01  -8.7562417e-01
   2.0000000e+00  -3.8720437e-01   1.2480874e+00   5.0586620e-01  -5.2219924e-01  -1.5102802e+00  -5.3110153e-01  -3.6978721e-01   9.4857460e-01  -1.0116277e+00   5.5166075e-01
   2.0000000e+00  -1.8298233e+00  -8.6536071e-01  -4.9515566e-01  -7.0055552e-01   3.9415750e-01   2.0590203e-01   8.1139062e-01   1.0118717e+00   2.1737943e+00  -4.3330645e-01
   2.0000000e+00  -6.9577143e-02   6.0298942e-01   5.9278557e-01   3.5100161e-01   9.9348190e-01   1.5021107e-01   1.1647293e-01  -5.6696334e-01  -7.7496122e-01  -3.4527169e-01
   2.0000000e+00  -6.9396068e-01  -1.4677155e-01  -4.8061107e-01  -9.7544562e-01   1.3009696e+00   1.1545077e-01  -1.1353721e+00  -3.1852540e-01  -1.4013232e+00  -6.1854202e-01
   2.0000000e+00  -1.2153107e+00  -8.2397478e-01  -1.4948514e+00  -6.6943033e-01  -1.4563107e+00   1.8640620e-01   3.4276384e-01  -2.1806322e-01  -3.7738644e-01   8.1610375e-01
   2.0000000e+00  -1.4319296e+00  -3.3469243e-01   9.5888615e-01   4.9418296e-01   5.5044796e-01   1.1810302e-01  -1.1014859e-01  -1.0855091e+00  -3.0427292e-01  -6.9842526e-01
   1.0000000e+00   6.9061979e-01   3.4643379e-01   1.1690390e-01   2.4924032e-01   8.7418894e-01   1.5869394e+00   1.5327928e-01  -3.2822964e-01   1.8947308e-01  -1.0910768e+00
   2.0000000e+00  -6.8229024e-01  -1.2739276e-02   1.9514389e+00  -1.6972573e+00  -2.2009516e-01   1.3441204e+00  -1.0159492e+00  -8.2837257e-01   1.0962037e+00  -6.3649540e-01
   2.0000000e+00   1.4827653e+00  -5.1785744e-01   1.8175856e+00  -1.8659558e+00  -3.9106605e-01   9.4087684e-01   1.9962375e-01   7.8698163e-01   2.3749427e+00   4.6511381e-01
   2.0000000e+00  -4.9430681e-01  -3.3497868e-01   1.4428604e+00   1.5106654e-01  -3.6973454e-01   1.4221610e+00  -9.4927321e-02  -4.2850741e-01   9.6027763e-01  -1.1592483e+00
   2.0000000e+00   1.1651792e+00   2.5886235e-01  -5.7919673e-01   3.7292993e+00   1.4385568e+00  -1.7082200e-01   4.8986886e-01  -5.4858261e-01  -1.5934815e+00   1.3970006e+00
   2.0000000e+00  -6.7537776e-01  -2.5569319e-01   5.8815772e-01   9.2726996e-02  -2.4225564e+00   2.1253197e-02   1.1368110e+00   1.0753738e+00  -5.2097749e-02   2.4090618e-01
   2.0000000e+00  -1.3903335e-01   2.6386870e-01  -1.2885063e+00   1.1517978e+00   1.6996566e+00   1.0872544e+00  -4.3912110e-01   1.9225775e-01   1.9877817e+00   3.7233940e-01
   2.0000000e+00  -1.0507279e+00  -7.6338614e-01   2.4051244e-01   1.8007048e+00  -3.5324268e-01   3.1393950e-02  -2.1983080e+00   9.4573055e-01  -3.3565678e-01  -1.1630447e+00
   1.0000000e+00   1.7182430e-01  -1.5779721e-01  -1.7031107e+00   1.2328084e-01   1.7812151e-01   1.0661614e+00  -4.5920713e-01   5.1344389e-01   1.3363656e+00  -4.5632206e-02
   2.0000000e+00   1.4661511e-01  -1.1620131e+00  -8.1585699e-01   2.2995753e-01  -7.2501077e-01   1.9072103e+00   1.3613202e+00  -2.1105898e-01   5.7471776e-01   5.8934418e-01
   2.0000000e+00  -8.2266570e-02   2.2875948e+00   4.9107196e-01   6.4455491e-01   7.0856385e-02  -7.9071002e-01   2.8061580e-01   5.3165281e-01  -1.6931434e-01  -4.2933746e-01
   2.0000000e+00   1.0315946e+00  -1.6364612e+00   1.0734089e+00   5.2893883e-01  -9.6372245e-01   9.6669838e-01  -1.0453797e+00  -1.3041468e+00  -2.2542829e-01   2.0304262e+00
   2.0000000e+00  -5.9130240e-02   2.7290584e-01   6.1061462e-01   3.5118372e-01  -5.9669917e-01  -6.3707894e-01  -4.5550854e-01  -7.9670057e-01   1.2245397e+00  -5.7953880e-01
   2.0000000e+00   6.9842176e-01  -6.8756327e-01  -2.4355323e-01   5.1245856e-01   5.5970285e-01  -7.1873832e-01  -1.0002389e+00  -1.2506821e+00   6.3219895e-01   2.4600612e-02
   2.0000000e+00   1.0467346e+00  -1.0766725e-01  -1.8209774e+00   1.2905328e+00  -1.1835896e+00   9.5267067e-01  -1.0784425e+00  -9.3196014e-01  -2.1851048e+00   1.1228958e+00
   2.0000000e+00  -1.3034767e+00   3.5024981e-01   2.0832399e+00   1.5530324e-01  -2.6722894e-01  -1.7174201e+00   4.7056006e-01  -4.1799361e-01  -6.5986095e-01   1.2149702e+00